7
13
14
15
16
18
19
20
21
22
23
25
31
32
33
34
40
42
44
48
49
51
56
57
58
59
63
64
68
69
70
72
86
90
91
94
97
101
102
103
106
108
111
112
115
123
128
129
134
142
146
148
150
159
185
186
187
188
189
190
191
192
193
194
206
207
208
211
212
213
214
215
216
217
218
224
225
226
229
230
232
234
235
236
237
240
241
242
243
245
246
247
248
249
251
252
253
256
258
259
260
261
262
263
264
269
270
272
273
274
275
276
277
279
280
283
288
290
291
292
296
297
298
300
301
303
305
306
307
308
312
314
316
317
319
320
321
322
323
324
329
330
331
332
334
336
338
342
343
345
346
347
348
349
350
351
352
